杭州西湖 4.8 4.9 2
西安兵马俑 4.9 4.8 2
上海迪士尼乐园 5.0 4.6 1
南京中山陵 4.7 4.8 2
丽江古城 4.4 4.9 2
成都大熊猫繁育研究基地 4.6 4.7 3
广州长隆野生动物世界 4.5 4.8 3
武汉黄鹤楼 4.8 4.7 2
敦煌莫高窟 4.3 4.9 2
厦门鼓浪屿 4.7 4.8 2
故宫博物院 4.9 4.9 4
北京大学 4.9 4.8 5
清华大学 4.8 4.9 5
复旦大学 4.7 4.8 5
浙江大学 4.6 4.7 5
中国科学技术大学 4.5 4.8 5
湖南大学 4.4 4.7 5
中山大学 4.7 4.8 5
上海博物馆 4.3 4.9 4
西安博物院 4.5 4.8 4
黄山风景区 4.6 4.8 3
九寨沟风景名胜区 4.5 4.9 3
桂林漓江 4.7 4.7 3
张家界国家森林公园 4.8 4.8 3
敦煌月牙泉 4.4 4.8 2
北京颐和园 4.9 4.8 2
西安城墙国际马拉松赛道 4.2 4.6 1
苏州拙政园 4.5 4.9 2
哈尔滨冰雪大世界 4.3 4.7 1
北京天坛公园 4.6 4.8 2
故宫博物院珍宝馆 4.8 4.9 4
上海交通大学 4.6 4.8 5
南京大学 4.5 4.7 5
天津大学 4.4 4.6 5
同济大学 4.7 4.8 5
北京师范大学 4.3 4.9 5
华中科技大学 4.8 4.7 5
香港大学 4.5 4.8 5
台北故宫博物院 4.6 4.9 4
澳门历史城区 4.4 4.8 2
拉萨布达拉宫 4.9 4.8 2
三清山风景名胜区 4.7 4.9 3
丽江束河古镇 4.6 4.8 2
青岛崂山风景区 4.5 4.7 3
贵州黄果树瀑布 4.8 4.9 3
承德避暑山庄 4.4 4.8 2
北京圆明园 4.3 4.7 2
云南大理古城 4.7 4.8 2
武当山风景区 4.5 4.9 3
峨眉山风景名胜区 4.6 4.8 3
中国国家博物馆 4.8 4.9 4
厦门大学 4.7 4.8 5
北京理工大学 4.6 4.7 5
西安交通大学 4.5 4.8 5
哈尔滨工业大学 4.4 4.7 5
东南大学 4.8 4.9 5
四川大学 4.3 4.8 5
深圳大学 4.9 4.7 5
台北大楼 4.2 4.6 1
香港海洋公园 4.5 4.8 1
洛阳龙门石窟 4.8 4.9 2
华山风景名胜区 4.7 4.8 3
岳阳楼-君山岛景区 4.6 4.7 2
西安大唐芙蓉园 4.5 4.8 2
秦皇岛山海关 4.9 4.7 2
桂林两江四湖・象山景区 4.4 4.9 3
敦煌阳关景区 4.3 4.8 2
北京奥林匹克公园 4.8 4.6 1
南京夫子庙秦淮河风光带 4.7 4.7 2
扬州瘦西湖 4.6 4.8 3
故宫珍宝馆（另行购票） 4.9 4.9 4
天津古文化街（津门故里） 4.5 4.8 2
云南西双版纳热带植物园 4.8 4.7 3
贵州西江千户苗寨 4.4 4.9 2
安徽黄山宏村 4.7 4.8 2
吉林长白山天池景区 4.3 4.7 3
沈阳故宫 4.6 4.8 2
西安秦始皇帝陵博物院 4.9 4.9 4
海南三亚亚龙湾热带天堂森林公园 4.2 4.6 3
湖北武当山金顶 4.8 4.7 3
广东丹霞山 4.5 4.8 3
福建土楼（南靖） 4.7 4.7 2
重庆武隆仙女山国家森林公园 4.4 4.9 3
黑龙江五大连池风景区 4.6 4.8 3
河北白洋淀景区 4.3 4.7 2
辽宁大连金石滩国家旅游度假区 4.9 4.6 1
山东泰山风景名胜区 4.8 4.7 3
山西平遥古城 4.5 4.8 2
河南开封清明上河园 4.7 4.7 2
湖南张家界天门山国家森林公园 4.4 4.9 3
南昌大学 4.6 4.8 5
华南理工大学 4.5 4.7 5
大连理工大学 4.8 4.9 5
重庆大学 4.3 4.8 5
兰州大学 4.7 4.7 5
东北师范大学 4.4 4.6 5
西北工业大学 4.9 4.5 5
西南交通大学 4.2 4.7 5
南京师范大学 4.6 4.8 5
安徽大学 4.5 4.7 5
山西五台山 4.8 4.9 2
湖北神农架 4.7 4.8 3
河北承德避暑山庄 4.6 4.7 2
河南嵩山少林寺 4.8 4.9 2
贵州赤水丹霞 4.7 4.8 3
浙江乌镇古镇 4.6 4.7 2
安徽九华山 4.5 4.8 3
福建鼓浪屿 4.4 4.9 2
广东丹霞山地质公园 4.9 4.7 1
吉林长白山 4.3 4.8 3
江西庐山 4.8 4.6 1
湖北恩施大峡谷 4.7 4.7 2
四川都江堰 4.6 4.8 3
东南大学 4.5 4.7 5
中南大学 4.4 4.6 5
山东大学 4.9 4.8 5
湖南大学 4.3 4.9 5
华东师范大学 4.8 4.7 5
天津医科大学 4.7 4.8 5
华南师范大学 4.6 4.7 5
西南财经大学 4.5 4.8 5
东北林业大学 4.4 4.9 5
首都师范大学 4.3 4.7 5
四川乐山大佛 4.7 4.9 2
云南石林 4.6 4.8 3
山西大同云冈石窟 4.5 4.7 2
广西桂林漓江 4.8 4.6 1
海南三亚天涯海角 4.3 4.9 3
甘肃张掖丹霞 4.9 4.8 2
江西婺源 4.4 4.7 3
陕西汉中褒斜栈道 4.7 4.6 2
贵州黄果树瀑布景区 4.6 4.9 3
西藏布达拉宫 4.5 4.8 2
安徽宏村 4.8 4.7 3
台湾台北故宫博物院 4.3 4.6 4
湖北武当山古建筑群 4.9 4.9 2
云南丽江古城 4.4 4.8 3
北京颐和园 4.7 4.7 2
上海外滩 4.6 4.9 3
香港迪士尼乐园 4.5 4.8 2
澳门大三巴牌坊 4.8 4.6 1
广东丹霞山 4.3 4.7 3
福建土楼 4.9 4.9 2
云南腾冲火山热海 4.7 4.8 3
山西平遥古城 4.6 4.7 2
广西北海银滩 4.9 4.6 1
海南亚龙湾热带天堂森林公园 4.4 4.9 3
甘肃敦煌莫高窟 4.3 4.8 2
江西龙虎山 4.8 4.7 3
陕西西安城墙 4.5 4.6 2
贵州荔波小七孔 4.7 4.9 3
西藏纳木错 4.6 4.8 2
安徽黄山 4.9 4.7 3
台湾日月潭 4.2 4.6 1
湖北神农溪 4.8 4.9 2
云南大理洱海 4.3 4.8 3
北京故宫 4.9 4.7 2
上海东方明珠 4.4 4.9 3
香港太平山顶 4.7 4.8 2
澳门妈阁庙 4.6 4.7 3
广东肇庆七星岩 4.5 4.6 2
福建武夷山 4.8 4.9 3
杭州西湖 4.3 4.7 2
苏州园林 4.9 4.8 3
青岛栈桥 4.4 4.6 2
大连星海公园 4.7 4.9 3
天津古文化街 4.6 4.8 2
武汉黄鹤楼 4.5 4.7 3
长沙岳麓山 4.8 4.6 1
南京中山陵 4.3 4.9 2
厦门鼓浪屿 4.9 4.8 3
重庆武隆天生三桥 4.4 4.7 2
成都大熊猫繁育研究基地 4.7 4.6 3
西藏珠穆朗玛峰 4.6 4.9 2
云南香格里拉 4.5 4.8 3
河北承德避暑山庄 4.8 4.7 2
河南洛阳龙门石窟 4.3 4.9 3
辽宁沈阳故宫 4.9 4.6 1
黑龙江哈尔滨冰雪大世界 4.4 4.8 2
宁夏银川西夏王陵 4.7 4.7 3
甘肃张掖大佛寺 4.6 4.9 2
新疆天山天池 4.5 4.8 3
四川峨眉山 4.8 4.9 2
云南腾冲火山热海 4.7 4.8 3
广西北海银滩 4.9 4.6 1
海南亚龙湾热带天堂森林公园 4.4 4.9 3
甘肃敦煌莫高窟 4.3 4.8 2
江西龙虎山 4.8 4.7 3
陕西西安城墙 4.5 4.6 2
贵州荔波小七孔 4.7 4.9 3
西藏纳木错 4.6 4.8 2
安徽黄山 4.9 4.7 3
台湾日月潭 4.2 4.6 1
湖北神农溪 4.8 4.9 2
云南大理洱海 4.3 4.8 3
香港太平山顶 4.7 4.8 2
澳门妈阁庙 4.6 4.7 3
广东肇庆七星岩 4.5 4.6 2
福建武夷山 4.8 4.9 3
广西桂林阳朔西街 4.9 4.6 1
海南万宁石梅湾 4.4 4.9 3
甘肃张掖七彩丹霞 4.3 4.8 2
江西三清山 4.8 4.7 3
陕西华山 4.5 4.6 2
贵州黄果树瀑布 4.7 4.9 3
西藏羊湖 4.6 4.8 2
安徽九华山 4.9 4.7 3
台湾垦丁 4.2 4.6 1
湖北恩施大峡谷 4.8 4.9 2
云南丽江古城 4.3 4.8 3
北京颐和园 4.9 4.7 2
上海外滩夜景 4.4 4.9 3
香港迪士尼乐园 4.7 4.8 2
澳门大炮台 4.6 4.7 3
广东丹霞山 4.5 4.6 2
福建土楼（南靖） 4.8 4.9 3
杭州千岛湖 4.3 4.7 2
苏州f直古镇 4.9 4.8 3
青岛八大关 4.4 4.6 2
大连老虎滩海洋公园 4.7 4.9 3
天津盘山风景名胜区 4.6 4.8 2
武汉东湖 3.8 3.6 3

