张记蛋糕店 1 4.5 3.8 2554
首尔石锅拌饭 2 3.7 4.2 1600
李记小吃店 3 3.9 3.6 346
苏杭小馆 4 4.8 3.7 2867
牛魔王烤肉 5 4.2 4.1 390
辣妹子川菜馆 6 4.9 3.9 4841
鱼乐香锅 7 3.6 3.5 1382
海鲜自助餐厅 8 4.3 4.0 2524
甜蜜奶茶屋 1 3.8 3.7 2999
金枪鱼寿司 2 4.1 3.8 2821
老北京炸酱面 3 4.0 4.2 1182
西湖醋鱼 4 4.7 3.6 2288
烤全羊 5 4.4 3.9 982
麻辣诱惑 6 3.5 3.8 2665
鱼头泡饼 7 4.6 4.1 3757
环球美食汇 8 3.9 3.7 3171
蛋糕工房 1 4.2 3.6 3341
韩风烤肉 2 3.8 4.0 673
街头小吃 3 4.0 3.5 2889
扬州炒饭 4 4.9 3.8 900
翠园江浙菜 4 4.3 3.9 2178
川江号子火锅 6 4.7 4.2 3111
韩式炸鸡啤酒屋 2 4.0 3.7 230
老北京涮羊肉 5 3.6 3.5 1181
甜蜜时光蛋糕 1 3.9 3.8 80
辣得跳湘菜馆 6 4.5 3.6 833
烧烤部落 5 4.1 3.9 718
江南小镇 4 4.4 4.0 2330
快餐便当王 3 3.8 3.7 267
甜品天地 1 4.2 3.5 3209
韩国石锅拌饭 2 3.7 3.8 1441
老街小吃 3 4.0 3.6 2782
江南水乡菜 4 4.6 3.9 1102
草原烤肉 5 4.3 4.1 1439
麻辣香锅 7 3.5 3.7 2933
海鲜自助盛宴 8 4.0 3.8 797
蛋糕花园 1 4.1 3.6 2932
韩式烤肉 2 3.9 4.2 1480
老北京炸酱面 3 4.2 3.5 4732
扬州狮子头 4 4.8 3.7 1832
川味烤鱼坊 7 4.4 3.8 2983
韩式烤肉屋 2 4.6 3.5 1175
江南糕点铺 1 3.7 3.9 3202
老北京羊蝎子 5 4.0 3.6 2615
川香小炒 6 4.2 4.1 2055
烤鱼传奇 7 3.8 3.7 2411
甜品小屋 1 4.3 3.5 687
韩国烧烤 2 4.1 3.8 638
老街小吃集 3 3.9 4.0 291
江南菜馆 4 4.5 3.9 1116
草原烤肉王 5 4.7 3.6 602
麻辣香锅城 7 4.0 3.8 2976
海鲜盛宴 8 4.6 3.5 184
甜蜜蛋糕屋 1 3.8 3.7 224
韩国石锅拌饭 2 4.4 3.9 141
老北京炸酱面 3 4.1 3.6 3864
扬州炒饭王 4 4.9 3.8 2512
川味烤鱼 7 4.3 4.0 503
甜品工房 1 4.2 3.5 1709
韩国烤肉店 2 3.7 3.8 1354
辣味湘菜馆 6 4.6 3.7 100
蛋糕大师 1 4.0 3.6 1277
韩式烤肉城 2 4.3 3.9 2105
老北京小吃街 3 3.8 3.5 2678
江南小厨 4 4.7 4.2 3142
草原烤羊腿 5 4.1 3.8 561
麻辣烤鱼 7 3.9 3.7 3763
甜品天地 1 4.4 3.6 258
韩国拌饭屋 2 3.7 4.0 1674
老北京炖品 3 4.2 3.5 2751
扬州狮子头 4 4.8 3.9 1660
川味火锅 6 4.5 3.6 2226
甜蜜蛋糕房 1 3.8 3.8 772
韩国烤肉店 2 4.0 3.7 738
老北京炸酱面馆 3 4.1 3.5 1585
江南小馆 4 4.6 3.8 439
草原烤全羊 5 4.3 4.1 3312
麻辣香锅 7 3.9 3.6 3240
海鲜自助餐厅 8 4.2 3.5 4738
甜品工坊 1 4.0 3.7 2540
辣味小馆 6 4.7 3.5 3597
甜蜜奶茶店 1 3.9 3.8 2984
韩风烤肉屋 2 4.4 3.7 2129
老街炸酱面 3 4.0 3.6 3125
江南私房菜 4 4.6 3.9 1132
草原烤肉坊 5 4.2 4.0 52
川味烤鱼吧 7 4.1 3.8 3328
甜品小栈 1 3.8 3.7 1272
韩国拌饭馆 2 4.3 3.5 2738
北京小吃集 3 3.7 3.9 2908
扬州炒饭店 4 4.5 3.6 2447
川味火锅城 6 4.8 4.2 307
蛋糕新语 1 4.0 3.5 614
韩国烤肉馆 2 4.1 3.7 98
老北京炖品店 3 3.9 3.6 542
江南菜馆 4 4.7 3.8 1782
草原全羊宴 5 4.4 3.9 1909
麻辣香锅城 7 4.0 3.7 2250
海鲜自助大餐 8 4.5 3.6 1348
甜品小铺 1 3.8 3.8 802
川江号子火锅 6 4.6 3.7 777
蛋糕工房 1 3.9 3.6 171
韩宫烧烤 5 4.3 3.8 440
老北京小吃 3 3.7 3.5 3396
江南春江浙菜 4 4.8 3.9 4620
辣妹子川菜馆 6 4.5 3.6 159
烤鱼传奇 7 4.2 3.7 2862
甜品天地 1 4.1 3.8 1675
韩国石锅拌饭 2 3.8 3.9 751
老北京涮羊肉 5 4.0 3.5 148
西湖醋鱼 4 4.7 3.6 997
川味烤鱼 7 4.4 3.8 1887
甜蜜奶茶屋 1 3.8 3.7 3772
韩风烤肉 2 4.1 4.0 755
街头小吃 3 4.0 3.5 1137
扬州炒饭 4 4.9 3.8 2827
川江火锅 6 4.5 3.6 3061
蛋糕新语 1 4.2 3.5 3228
韩国烤肉店 2 3.7 3.8 289
老北京炸酱面馆 3 4.0 3.6 1537
川香小炒 6 4.7 3.9 12
蛋糕大师 1 4.0 3.7 834
韩宫烤肉 2 4.4 3.8 2013
老北京小吃 3 3.9 3.6 396
苏杭小馆 4 4.8 4.0 335
草原烤羊腿 5 4.2 3.7 857
麻辣烤鱼 7 4.1 3.8 3228
甜品小屋 1 3.8 3.5 791
韩国拌饭屋 2 4.3 3.9 483
北京小吃街 3 3.7 3.6 1758
江南私房菜 4 4.6 3.9 2322
草原烤肉坊 5 4.4 4.1 125
川味烤鱼吧 7 3.9 3.7 1736
甜品小栈 1 4.4 3.6 3673
韩国拌饭馆 2 3.7 4.0 646
老北京炖品店 3 4.2 3.5 577
扬州炒饭店 4 4.8 3.9 966
川味火锅城 6 4.5 3.6 3670
蛋糕新语 1 4.0 3.5 4528
韩国烤肉馆 2 4.1 3.7 2987
辣味湘菜馆 6 4.6 3.7 971
甜蜜奶茶店 1 3.9 3.8 685
韩风烤肉屋 2 4.4 3.7 3718
老街炸酱面 3 4.0 3.6 2693
江南小厨 4 4.6 3.9 837
草原烤全羊 5 4.2 4.0 203
川味烤鱼 7 4.1 3.8 3787
甜品天地 1 3.8 3.7 2044
韩国拌饭馆 2 4.3 3.5 3016
北京小吃集 3 3.7 3.9 3784
扬州狮子头 4 4.5 3.6 147
川味火锅 6 4.8 4.2 2454
蛋糕工房 1 4.0 3.5 1585
韩国烤肉店 2 4.1 3.7 211
老北京炖品店 3 3.9 3.6 47
江南菜馆 4 4.7 3.8 1476
草原全羊宴 5 4.4 3.9 491
麻辣香锅城 7 4.0 3.7 3520
海鲜自助大餐 8 4.5 3.6 817
甜品小铺 1 3.8 3.8 1150
川香小炒 6 4.7 3.9 3725
蛋糕大师 1 4.0 3.7 89
韩宫烤肉 2 4.4 3.8 441
老北京小吃 3 3.9 3.6 119
苏杭小馆 4 4.8 4.0 3031
草原烤羊腿 5 4.2 3.7 2646
麻辣烤鱼 7 4.1 3.8 1811
甜品小屋 1 3.8 3.5 3867
韩国拌饭屋 2 4.3 3.9 230
北京小吃街 3 3.7 3.6 3778
江南私房菜 4 4.6 3.9 337
草原烤肉坊 5 4.4 4.1 3220
川味烤鱼吧 7 3.9 3.7 168
甜品小栈 1 4.4 3.6 1262
韩国拌饭馆 2 3.7 4.0 1279
老北京炖品店 3 4.2 3.5 477
扬州炒饭店 4 4.8 3.9 2811
川味火锅城 6 4.5 3.6 3275
蛋糕新语 1 4.0 3.5 3022
韩国烤肉馆 2 4.1 3.7 903